0 0 1 0 55.6680 0.0000
0 0 0 1 100.0670 0.0000
150 1 0 0 25.0430 0.2160
50 1 0 0 20.8660 0.2500
200 1 0 0 22.7170 0.2376
299 1 0 0 27.6880 0.1939
199 1 0 0 47.6060 0.1258
50 1 0 0 22.3650 0.2500
150 0 1 0 18.9070 0.0000
50 1 0 0 20.2520 0.2500
150 1 0 0 25.0270 0.2162
200 0 1 0 8.1630 0.0000
200 0 1 0 8.5730 0.0000
200 0 1 0 8.1720 0.0000
200 0 1 0 9.9180 0.0000
200 1 0 0 29.3350 0.1840
250 1 0 0 28.1920 0.1876
299 1 0 0 30.6730 0.1750
50 1 0 0 24.1820 0.2500
100 1 0 0 35.4390 0.1540
150 0 1 0 19.1140 0.0000
150 0 1 0 20.0480 0.0000
150 0 1 0 17.6660 0.0000
150 0 1 0 19.4260 0.0000
150 0 1 0 19.2330 0.0000
150 0 1 0 18.3970 0.0000
150 0 1 0 20.5590 0.0000
150 0 1 0 22.0120 0.0000
150 0 1 0 27.7750 0.0000
150 0 1 0 10.0260 0.0000
150 1 0 0 33.3660 0.1622
150 1 0 0 33.7730 0.1602
50 1 0 0 28.5000 0.2168
100 1 0 0 31.8050 0.1716
150 1 0 0 32.6220 0.1659
250 1 0 0 27.3750 0.1932
299 0 1 0 26.1350 0.0000
299 1 0 0 30.9840 0.1733
240 0 1 0 21.9090 0.0000
240 0 1 0 22.9400 0.0000
240 0 1 0 32.4270 0.0000
240 0 1 0 34.1950 0.0000
210 0 1 0 24.6860 0.0000
210 0 1 0 19.0170 0.0000
210 0 1 0 11.8110 0.0000
210 0 1 0 11.6740 0.0000
150 1 0 0 34.4070 0.1573
250 1 0 0 35.7400 0.1480
50 1 0 0 31.1930 0.1981
150 1 0 0 33.5630 0.1612
200 1 0 0 32.3130 0.1670
250 1 0 0 37.7970 0.1399
299 0 1 0 10.2310 0.0000
299 0 1 0 10.2360 0.0000
299 0 1 0 10.9520 0.0000
299 1 0 0 29.2250 0.1837
250 1 0 0 32.3140 0.1637
